[ (Edge 0 4 81, 0)
, (Edge 1 5 144, 1)
, (Edge 1 9 196, 2)
, (Edge 2 1 286, 3)
, (Edge 2 8 144, 4)
, (Edge 3 10 198, 5)
, (Edge 3 11 602, 6)
, (Edge 4 2 258, 7)
, (Edge 4 6 88, 8)
, (Edge 5 3 176, 9)
, (Edge 5 7 84, 10)
, (Edge 6 8 154, 11)
, (Edge 6 15 138, 12)
, (Edge 7 10 230, 13)
, (Edge 7 16 106, 14)
, (Edge 8 9 242, 15)
, (Edge 8 12 48, 16)
, (Edge 9 7 48, 17)
, (Edge 9 13 36, 18)
, (Edge 10 11 136, 19)
, (Edge 10 17 148, 20)
, (Edge 11 14 106, 21)
, (Edge 12 13 118, 22)
, (Edge 12 23 164, 23)
, (Edge 13 16 46, 24)
, (Edge 13 18 116, 25)
, (Edge 14 20 120, 26)
, (Edge 15 12 208, 27)
, (Edge 15 19 140, 28)
, (Edge 16 17 152, 29)
, (Edge 16 22 102, 30)
, (Edge 17 14 154, 31)
, (Edge 17 21 32, 32)
, (Edge 18 22 48, 33)
, (Edge 18 24 148, 34)
, (Edge 19 23 200, 35)
, (Edge 19 29 226, 36)
, (Edge 20 28 236, 37)
, (Edge 21 20 134, 38)
, (Edge 21 25 150, 39)
, (Edge 22 21 118, 40)
, (Edge 22 27 118, 41)
, (Edge 23 18 210, 42)
, (Edge 23 26 58, 43)
, (Edge 24 27 82, 44)
, (Edge 24 33 278, 45)
, (Edge 25 28 180, 46)
, (Edge 25 32 184, 47)
, (Edge 26 24 96, 48)
, (Edge 26 31 156, 49)
, (Edge 27 25 50, 50)
, (Edge 27 30 166, 51)
, (Edge 28 34 286, 52)
, (Edge 29 26 184, 53)
, (Edge 29 31 468, 54)
, (Edge 30 32 112, 55)
, (Edge 31 33 110, 56)
, (Edge 32 34 170, 57)
, (Edge 33 30 234, 58)
, (Edge 34 35 75, 59)
]